prodID	BpID
165	681
166	682
582	683
583	684
584	685
620	686
621	687
638	688
585	689
586	690
587	691
622	692
639	693
482	784
483	785
499	786
501	788
503	790
202	803
203	804
204	805
205	806
206	807
207	808
208	809
209	810
210	811
211	812
212	813
213	814
484	819
485	820
486	821
487	822
488	823
489	824
490	825
491	826
492	827
493	828
494	829
495	830
496	831
497	832
498	833
450	834
451	835
452	836
453	837
454	838
455	839
456	840
457	841
458	842
459	843
460	844
461	845
462	846
463	847
464	848
178	879
179	880
180	881
181	882
182	883
183	884
184	885
185	886
186	887
187	888
188	889
189	890
190	891
191	892
192	893
193	894
194	895
195	896
196	897
197	898
198	899
199	900
200	901
201	902
588	935
589	936
590	937
591	938
592	939
593	940
594	941
596	943
597	944
598	945
599	946
600	947
601	948
602	949
603	950
605	952
606	953
607	954
608	955
609	956
613	960
614	961
615	962
616	963
617	964
618	965
619	966
672	967
623	968
624	969
625	970
626	971
627	972
628	973
629	974
630	975
631	976
632	977
633	978
634	979
648	983
649	984
650	985
651	986
652	987
653	988
654	989
655	990
656	991
657	992
640	994
641	995
642	996
643	997
644	998
645	999
671	1002
377	1010
380	1013
393	1026
394	1027
399	1032
400	1033
434	1067
438	1071
439	1072
440	1073
442	1074
443	1075
444	1076
447	1079
448	1080
519	1095
520	1096
523	1099
524	1100
526	1102
527	1103
529	1105
530	1106
533	1109
561	1112
562	1113
563	1114
564	1115
565	1116
566	1117
567	1118
568	1119
569	1120
570	1121
571	1122
572	1123
573	1124
574	1125
575	1126
577	1128
578	1129
215	1130
216	1131
217	1132
218	1133
219	1134
220	1135
221	1136
222	1137
223	1138
224	1139
225	1140
226	1141
227	1142
228	1143
229	1144
230	1145
231	1146
232	1147
233	1148
234	1149
235	1150
236	1151
237	1152
238	1153
239	1154
240	1155
241	1156
242	1157
243	1158
244	1159
245	1160
246	1161
247	1162
248	1163
249	1164
250	1165
251	1166
252	1167
253	1168
254	1169
255	1170
256	1171
257	1172
258	1173
259	1174
260	1175
261	1176
262	1177
263	1178
264	1179
1183	1184
1185	1186
1190	1191
1195	1196
1197	1204
1198	1205
1182	1208
580	1210
581	1212
1201	1214
265	1215
269	1216
270	1217
1202	1218
266	1220
267	1221
1236	1237
1244	1245
1246	1247
1248	1249
1254	1255
1256	1257
1264	1265
1266	1267
1274	1275
1276	1277
1284	1285
1286	1287
1294	1295
1296	1297
1304	1305
1306	1307
1317	1318
1319	1320
1333	1334
1335	1336
1353	1354
1355	1356
1403	1404
1405	1406
1422	1423
1436	1437
1445	1446
1447	1448
1539	1540
1541	1542
1547	1548
1549	1550
1551	1552
1553	1554
1557	1558
1559	1560
1563	1564
1565	1566
1808	1809
1810	1811
1814	1815
1816	1817
1818	1819
1820	1821
1822	1823
1824	1825
1826	1827
1828	1829
1830	1831
1832	1833
1855	1856
1875	1876
1877	1878
1944	1945
2006	2007
2018	2019
2020	2021
2022	2023
2024	2025
2032	2033
2038	2039
2046	2047
2048	2049
2117	2118
2161	2162
2173	2174
2175	2176
2165	2179
2183	2184
2185	2186
2193	2194
2195	2196
2203	2204
2205	2206
2210	2211
2212	2213
2281	2282
2289	2290
2291	2292
2293	2294
2295	2296
2297	2298
2299	2300
2301	2302
2303	2304
2331	2332
2333	2334
2341	2342
2355	2356
2404	2405
2410	2411
2420	2421
2436	2437
2444	2445
2446	2447
2454	2455
2456	2457
2464	2465
2466	2467
2476	2477
2478	2479
2486	2487
2488	2489
2506	2507
2508	2509
2510	2511
2512	2513
2514	2515
2516	2517
2529	2530
2531	2532
2537	2538
2539	2540
2545	2546
2547	2548
2553	2554
2603	2604
2605	2606
2613	2614
2621	2622
2629	2630
2637	2638
2647	2648
2655	2656
2679	2680
32458	2735
17181	2736
32226	2737
32250	2738
28668	2739
17182	2740
17178	2741
25270	2742
25271	2743
17982	2744
25821	2745
25280	2746
30655	2747
14343	2748
24657	2749
24646	2750
24655	2751
12237	2752
24653	2753
24658	2754
17184	2755
24575	2756
17185	2757
24660	2758
17186	2759
24659	2760
17187	2761
25305	2762
17180	2763
13780	2764
19470	2765
29613	2766
12239	2767
24654	2768
12238	2769
16220	2770
24574	2771
30389	2772
24656	2773
12235	2774
20059	2775
20060	2776
16213	2777
20061	2778
20062	2779
12236	2780
20063	2781
20064	2782
16214	2783
20065	2784
20066	2785
16221	2786
17621	2787
27673	2788
27674	2789
24684	2790
16869	2791
17174	2792
22634	2793
17175	2794
30656	2795
17176	2796
20175	2797
17177	2798
27672	2799
27897	2800
2801	2802
17402	2803
16692	2804
16689	2805
17403	2806
17770	2807
16691	2808
16688	2810
2811	2812
17404	2813
17771	2814
16690	2815
16631	2816
2817	2818
17772	2819
24567	2820
16216	2821
17773	2822
16696	2823
16697	2824
17408	2825
17167	2826
17407	2827
17168	2828
17406	2829
16694	2830
2834	2835
2836	2837
2838	2839
2863	2864
2865	2866
2873	2874
2889	2890
2897	2898
2905	2906
2913	2914
2921	2922
2937	2938
2945	2946
2948	2949
2953	2954
2961	2962
2969	2970
2977	2978
2985	2986
2993	2994
3001	3002
3009	3010
3017	3018
3025	3026
3033	3034
2998	3039
3041	3042
3049	3050
3057	3058
3065	3066
3074	3075
3082	3083
3090	3091
3098	3099
3106	3107
3114	3115
3122	3123
3130	3131
3138	3139
3146	3147
3154	3155
3162	3163
3170	3171
3178	3179
3186	3187
3242	3243
3244	3245
3285	3286
3472	3473
3488	3489
3496	3497
3504	3505
3512	3513
3514	3515
3516	3517
3518	3519
3520	3521
3528	3529
3530	3531
3532	3533
3534	3535
3536	3537
3538	3539
3540	3541
3542	3543
3544	3545
3546	3547
3552	3553
3554	3555
3550	3557
3559	3560
3561	3562
3563	3564
3566	3567
3568	3569
3565	3570
3571	3572
3573	3574
3576	3577
3578	3579
3575	3580
3581	3582
3586	3587
3588	3589
3585	3590
3596	3597
3598	3599
3606	3607
3608	3609
3616	3617
3618	3619
3653	3654
3655	3656
3663	3664
3665	3666
3733	3734
3735	3736
3737	3738
3751	3752
3753	3754
3764	3765
3766	3767
3768	3769
3793	3794
3829	3830
3831	3832
3839	3840
3841	3842
3923	3927
3922	3928
3937	3938
3939	3940
3941	3942
3943	3944
3947	3948
3949	3950
3953	3954
3955	3956
3962	3963
3977	3978
3979	3980
3981	3982
3983	3984
3987	3988
3989	3990
3986	3991
3993	3994
3995	3996
4005	4006
4147	4148
4248	4249
4250	4251
4252	4253
4254	4255
4256	4257
4258	4259
4260	4261
4262	4263
4264	4265
4266	4267
4268	4269
4270	4271
4272	4273
4274	4275
4276	4277
4278	4279
4280	4281
4282	4283
4284	4285
4286	4287
4288	4289
4290	4291
4292	4293
4294	4295
4296	4298
4299	4300
4302	4305
4306	4307
4308	4309
4310	4311
4312	4313
4051	4314
4247	4315
4246	4316
4363	4364
4369	4370
4383	4384
4386	4387
4388	4389
4391	4392
4393	4394
4395	4396
4397	4398
4399	4400
4401	4402
4403	4404
4405	4406
4407	4408
4409	4410
9944	9945
10039	10040
10190	10191
10246	10247
10250	10251
10629	10630
10631	10632
10642	10643
10678	10679
10680	10681
10836	10837
10838	10839
10840	10841
10842	10843
10850	10851
10858	10859
11011	11012
19534	11074
11129	11130
11132	11133
11134	11135
11172	11173
11174	11175
11176	11177
11178	11179
11182	11183
11184	11185
11186	11187
11188	11189
11190	11191
11192	11193
11194	11195
11196	11197
11198	11199
11200	11201
11202	11203
11215	11216
11217	11218
11219	11220
11225	11226
11227	11228
11229	11230
11235	11236
11237	11238
11239	11240
11245	11246
11247	11248
11249	11250
11255	11256
11257	11258
11259	11260
11265	11266
11267	11268
11269	11270
11277	11278
11279	11280
11283	11284
11285	11286
11287	11288
11289	11290
11291	11292
11293	11294
11295	11296
11297	11298
11299	11300
11301	11302
11303	11304
11305	11306
11355	11356
11357	11358
11359	11360
11365	11366
11371	11372
11373	11374
11375	11376
11377	11378
11379	11380
11381	11382
11383	11384
11387	11388
11389	11390
11393	11394
11400	11401
11561	11562
11563	11564
11567	11568
2363	11612
10998	11613
2108	11614
1998	11616
2103	11617
3887	11619
1973	11620
1977	11621
2004	11622
2002	11623
2003	11624
1947	11625
2005	11626
1948	11628
1957	11629
1958	11630
1955	11631
1956	11632
1986	11634
11640	11641
11642	11643
11644	11645
11646	11647
11648	11649
3888	11747
2259	11750
2260	11754
2261	11758
2258	11762
2262	11766
1959	11770
1960	11771
2563	11775
2567	11779
2559	11783
2571	11787
2575	11791
2364	11795
1963	11798
1964	11799
1968	11803
1969	11804
1952	11808
1987	11812
2579	11820
2580	11821
2583	11824
2584	11825
2587	11828
2588	11829
2591	11832
2592	11833
4013	11836
4014	11837
1978	11840
2109	11844
1999	11848
2104	11851
11465	11857
11482	11859
11485	11860
11477	11861
11471	11862
11468	11863
11470	11864
11469	11865
11472	11866
11480	11867
11479	11868
11474	11869
11483	11870
11473	11871
11476	11872
11475	11873
11514	11874
11461	11876
11462	11877
11466	11878
11467	11879
11459	11880
11464	11881
11458	11882
11460	11883
11457	11884
11463	11885
11746	11886
11481	11887
11513	11888
11484	11889
11478	11890
11486	11891
11653	11892
11936	11937
11938	11939
11957	11958
11959	11960
11961	11962
11963	11964
11965	11966
11969	11970
11971	11972
11978	11979
11985	11986
11987	11988
11989	11990
11993	11994
11995	11996
11999	12000
12003	12004
12005	12006
12011	12012
12013	12014
12015	12016
12017	12018
12019	12020
12021	12022
12023	12024
12032	12031
12034	12035
12036	12037
12038	12041
12042	12043
12044	12045
12052	12053
12054	12055
12056	12057
12058	12059
12066	12067
12068	12069
12076	12077
12084	12085
12102	12103
11577	12104
11578	12105
12108	12109
12217	12218
12219	12220
12221	12222
12223	12224
12225	12226
12257	12258
12259	12260
12261	12262
12263	12264
12265	12266
12267	12268
12269	12270
12271	12272
12274	12275
12198	12297
12199	12300
12200	12301
12344	12345
12346	12347
12354	12355
12356	12357
12552	12553
12557	12558
12559	12560
12561	12562
12563	12564
12565	12566
12608	12609
12610	12611
12612	12613
12614	12615
12616	12617
12618	12619
12620	12621
12625	12626
12627	12628
12629	12630
12631	12632
12633	12634
12709	12710
12711	12712
12713	12714
12715	12716
12717	12718
12729	12730
12731	12732
12733	12734
12735	12736
12743	12744
12745	12746
12747	12748
12753	12754
12761	12762
12763	12764
12765	12766
12767	12768
12769	12770
12771	12772
12773	12774
12775	12776
12777	12778
12779	12780
12781	12782
12783	12784
12785	12786
12787	12788
12789	12790
12791	12792
12793	12794
12795	12796
12797	12798
12799	12800
12801	12802
12803	12804
12805	12806
12807	12808
12810	12811
12812	12813
12814	12815
12816	12817
12818	12819
12820	12821
12822	12823
12824	12825
12826	12827
12828	12829
12830	12831
12832	12833
11370	13000
13001	13002
13003	13004
13202	13203
13320	13321
15508	15509
15510	15511
15675	15676
15677	15678
15681	15682
15683	15684
15685	15686
15687	15688
15689	15690
15691	15692
15693	15694
15695	15696
15697	15698
15699	15700
15701	15702
15703	15704
15705	15706
15707	15708
15709	15710
15711	15712
15713	15714
15715	15716
15717	15718
15719	15720
15721	15722
15723	15724
15725	15726
15727	15728
15729	15730
15731	15732
15733	15734
15735	15736
15737	15738
15739	15740
15747	15748
15749	15750
15751	15752
15753	15754
15755	15756
15757	15758
15759	15760
15761	15762
15764	15765
15766	15767
15768	15769
15770	15771
15772	15773
15776	15777
15778	15779
15780	15781
15782	15783
15784	15785
15786	15787
15788	15789
15790	15791
15792	15793
15794	15795
15796	15797
15798	15799
15800	15801
15802	15803
15804	15805
15806	15807
15808	15809
15810	15811
15818	15819
15821	15822
15838	15839
15841	15842
15875	15876
15877	15878
15879	15880
15881	15882
15883	15884
15885	15886
15887	15888
15889	15890
15891	15892
15893	15894
15895	15896
15905	15906
15907	15908
15909	15910
15911	15912
15913	15914
15915	15916
15917	15918
15919	15920
15921	15922
15923	15924
15925	15926
15927	15928
15929	15930
15931	15932
15935	15936
15937	15938
15939	15940
15941	15942
15945	15946
15947	15948
15949	15950
15953	15954
15955	15956
15957	15958
15959	15960
15961	15962
15963	15964
15965	15966
15967	15968
2929	16029
2881	16032
16062	16063
16065	16066
16227	16228
16229	16230
16231	16232
16233	16234
16236	16237
16238	16239
16240	16241
16242	16243
16278	16279
11691	17322
11545	17323
11530	17324
11538	17325
11692	17326
11552	17327
11544	17328
11531	17329
11539	17330
11547	17331
11693	17332
11536	17333
11554	17334
11694	17335
11537	17336
11553	17337
11549	17338
11695	17339
11534	17340
11556	17341
11548	17342
11688	17344
11535	17345
11555	17346
11551	17347
11689	17348
11532	17349
11543	17350
11540	17351
11558	17352
11550	17353
11690	17354
11542	17355
11533	17356
11541	17357
11557	17359
17476	17477
17478	17479
17480	17481
17482	17483
17485	17486
17488	17489
17500	17501
17502	17503
17504	17505
17506	17507
17508	17509
17510	17511
17512	17513
17514	17515
17516	17517
17518	17519
17520	17521
17522	17523
17524	17525
17526	17527
17528	17529
17536	17537
17538	17539
17540	17541
17542	17543
17544	17545
17549	17550
17551	17552
17553	17554
17555	17556
17557	17558
17559	17561
17619	17620
17634	17635
17636	17637
17648	17649
17650	17651
17652	17653
17654	17655
17656	17657
17658	17659
17660	17661
17662	17663
17664	17665
17666	17667
17668	17669
17670	17671
17672	17673
17674	17675
17676	17677
17678	17679
17680	17681
17682	17683
17684	17685
17686	17687
17688	17689
17690	17691
17692	17693
17694	17695
17703	17704
17705	17706
17707	17708
17709	17710
17713	17714
17715	17716
17718	17719
17720	17721
17722	17723
17726	17727
17728	17729
17732	17733
17736	17737
17738	17739
17740	17741
17812	17813
17832	17833
17834	17835
17836	17837
17838	17839
17841	17842
17843	17844
17857	17858
17859	17860
17861	17862
17863	17864
17873	17874
17884	17885
17901	17902
17912	17913
17918	17919
17920	17921
17922	17923
17924	17925
17926	17927
17928	17929
17930	17931
17932	17933
17938	17939
18036	18037
18038	18039
18040	18041
18042	18043
18044	18045
18046	18047
18048	18049
18050	18051
18052	18053
18054	18055
18056	18057
18058	18059
18060	18061
18062	18063
18064	18065
18066	18067
18068	18069
18590	18591
18592	18593
18594	18595
18596	18597
18598	18599
18600	18601
18602	18603
18604	18605
18606	18607
18608	18609
18610	18611
18612	18613
18614	18615
18616	18617
18618	18619
18624	18625
18639	18640
19720	19721
19722	19723
19724	19725
19726	19727
19739	19740
19744	19745
19806	19807
19808	19809
19810	19811
19812	19813
19814	19815
19994	19995
20002	20003
17761	20108
20125	20126
20183	20184
20185	20186
20187	20188
20189	20190
20218	20219
20224	20225
20230	20231
20236	20237
20238	20239
20240	20241
20242	20243
20244	20245
20246	20247
20248	20249
20250	20251
20252	20253
20254	20255
20260	20261
20262	20263
20264	20265
20280	20281
20343	20344
20345	20346
20347	20348
20349	20350
20351	20352
20353	20354
20367	20368
20444	20445
20446	20447
20448	20449
20450	20451
20452	20453
20454	20455
20539	20540
20555	20556
20557	20558
20559	20560
20561	20562
20563	20564
20565	20566
20567	20568
20569	20570
20573	20574
20575	20576
20577	20578
20579	20580
20581	20582
20587	20588
20589	20590
20591	20592
20593	20594
20595	20596
20597	20598
20599	20600
20601	20602
20603	20604
20605	20606
20607	20608
20609	20610
20611	20612
20613	20614
20617	20618
20619	20620
20621	20622
20623	20624
20625	20626
20627	20628
20629	20630
20631	20632
20633	20634
20635	20636
20637	20638
20639	20640
20641	20642
20701	20702
20703	20704
21009	21010
21011	21012
21013	21014
21017	21018
21019	21020
21021	21022
21023	21024
21025	21026
21027	21028
21029	21030
21035	21036
21037	21038
21039	21040
21041	21042
21054	21055
21094	21095
21097	21098
21334	21335
21470	21471
21472	21473
21474	21475
21476	21477
21478	21479
21480	21481
21482	21483
21484	21485
21486	21487
21488	21489
21491	21492
21493	21494
21496	21497
21498	21499
21500	21501
21504	21505
21506	21507
21508	21509
21510	21511
21512	21513
21521	21522
21523	21524
21525	21526
21527	21528
21529	21530
21534	21535
21536	21537
21538	21539
21540	21541
21542	21543
21545	21546
21547	21548
21549	21550
21551	21552
21553	21554
21555	21556
21557	21558
21559	21560
21561	21562
21096	21604
21628	21629
21638	21639
21640	21641
21853	21854
21855	21856
21857	21858
21867	21868
10260	21943
19758	21944
10257	21945
10258	21946
21947	21948
21949	21950
21951	21952
21953	21954
21955	21956
21957	21958
21959	21960
21961	21962
21963	21964
21965	21966
21967	21968
21969	21970
22175	22176
22177	22178
22229	22230
22291	22292
20069	22299
20409	22300
22227	22301
11014	22302
20406	22303
20405	22304
11052	22305
20514	22306
20124	22307
22228	22308
20070	22309
11017	22310
20408	22311
22325	22326
22327	22328
22329	22330
22331	22332
22428	22429
22430	22431
22436	22437
22440	22441
22442	22443
22444	22445
22446	22447
22448	22449
22452	22453
22456	22457
22460	22461
22464	22465
22466	22467
22468	22469
22470	22471
22474	22475
22476	22477
22542	22543
22544	22545
22546	22547
22548	22549
22553	22554
22555	22556
22557	22558
22572	22573
22576	22577
22765	22766
22778	22779
22780	22781
22782	22783
22852	22853
22875	22876
22877	22878
22879	22880
22881	22882
22883	22884
22885	22886
22887	22888
22889	22890
22891	22892
22893	22894
22895	22896
22897	22898
22899	22900
22901	22902
22903	22904
22905	22906
22907	22908
22909	22910
22911	22912
22913	22914
22915	22916
22917	22918
22919	22920
22921	22922
22923	22924
22925	22926
22927	22928
22929	22930
22931	22932
22933	22934
22935	22936
22937	22938
22939	22940
22941	22942
22943	22944
22945	22946
22947	22948
22949	22950
22951	22952
22953	22954
23055	23056
23057	23058
23059	23060
23061	23062
23071	23072
23414	23415
23416	23417
23418	23419
23473	23474
23506	23507
23510	23511
23512	23513
23523	23524
23525	23526
23527	23528
23533	23534
23536	23537
23559	23560
23561	23562
23563	23564
23659	23660
23702	23703
23705	23706
23707	23708
23709	23710
23711	23712
23713	23714
23715	23716
23717	23718
23719	23720
23721	23722
23723	23724
23725	23726
23727	23728
23729	23730
23731	23732
23735	23736
23757	23758
23759	23760
23773	23774
23783	23784
23785	23786
23787	23788
23789	23790
23791	23792
23793	23794
23795	23796
23797	23798
23799	23800
23801	23802
23803	23804
23805	23806
23807	23808
23809	23810
23811	23812
23813	23814
23815	23816
23817	23818
23819	23820
23821	23822
23824	23825
23829	23830
23834	23835
23836	23837
23838	23839
23840	23841
23842	23843
23844	23845
23846	23847
23848	23849
23850	23851
23852	23853
23854	23855
23856	23857
23864	23865
23866	23867
23868	23869
23883	23888
23894	23895
23896	23897
23898	23899
23900	23901
23902	23903
23911	23912
23913	23914
23915	23916
23917	23918
23919	23920
23953	23954
24283	24284
24305	24306
24348	24349
24395	24396
24417	24418
24427	24428
24438	24439
24443	24444
24468	24469
24471	24472
24473	24474
24475	24476
24483	24484
24486	24487
24488	24489
24490	24491
24495	24496
24497	24498
24499	24500
24501	24502
24503	24504
24505	24506
24507	24508
24509	24510
24511	24512
24513	24514
24515	24516
24517	24518
24519	24520
24521	24522
24523	24524
24525	24526
24527	24528
24529	24530
24531	24532
24533	24534
24535	24536
24537	24538
24539	24540
24541	24542
24479	24543
13119	24544
24545	24546
24547	24548
23674	24549
24550	24551
24552	24553
24554	24555
24556	24557
24558	24559
24560	24561
24569	24570
24478	24604
24477	24605
24492	24614
24494	24615
13856	24616
24493	24617
24620	24621
24622	24623
24644	24645
24688	24689
24690	24691
24692	24693
24694	24695
24696	24697
24698	24699
24700	24701
24702	24703
25266	25267
9950	25303
10155	25307
10156	25308
9947	25309
10151	25310
10152	25311
10164	25314
15462	25322
15463	25323
15466	25327
15477	25328
15478	25329
15458	25503
15480	25504
15461	25505
15464	25506
10165	25507
15479	25508
15460	25509
15457	25510
15465	25511
10166	25512
15459	25513
25349	25539
25540	25541
25542	25543
25561	25562
25563	25564
25555	25584
25554	25585
25556	25586
25553	25587
25715	25716
25736	25737
25771	25772
25812	25813
25851	25852
25853	25854
25855	25856
25857	25858
25861	25862
25888	25889
25890	25891
25892	25893
25894	25895
25896	25897
25898	25899
25900	25901
25902	25903
25906	25907
25908	25909
25910	25911
25912	25913
25914	25915
25916	25917
25918	25919
25920	25921
25922	25923
25924	25925
25928	25929
25930	25931
25932	25933
25934	25935
25936	25937
25948	25949
25950	25951
25952	25953
25954	25955
25956	25957
25968	25969
25970	25971
25972	25973
25974	25975
25976	25977
25978	25979
25980	25981
25996	25997
25998	25999
26000	26001
26002	26003
26004	26005
26006	26007
26008	26009
26016	26017
26018	26019
26020	26021
26022	26023
26024	26025
26026	26027
26028	26029
26030	26031
26038	26039
26040	26041
26042	26043
26046	26047
26048	26049
26056	26057
26058	26059
26060	26061
26062	26063
26064	26065
26066	26067
26068	26069
26070	26071
26072	26073
26076	26077
26078	26079
26080	26081
26082	26083
26084	26085
26086	26087
26088	26089
26090	26091
26096	26097
26100	26101
26102	26103
26104	26105
26106	26107
26108	26109
26110	26111
26112	26113
26173	26174
26286	26287
26288	26289
26290	26291
26292	26293
26294	26295
26296	26297
26298	26299
26300	26301
26302	26303
26304	26305
26306	26307
26308	26309
26310	26311
26312	26313
26314	26315
26318	26319
26320	26321
26322	26323
26324	26325
26326	26327
26328	26329
26330	26331
26332	26333
26334	26335
26336	26337
26338	26339
26340	26341
26342	26343
26344	26345
26346	26347
26348	26349
26350	26351
26352	26353
26354	26355
26356	26357
26358	26359
26360	26361
26362	26363
26364	26365
26366	26367
26368	26369
26370	26371
26372	26373
26374	26375
26376	26377
26378	26379
26380	26381
26382	26383
26384	26385
26386	26387
26388	26389
26390	26391
26392	26393
26394	26395
26396	26397
26398	26399
26400	26401
26402	26403
26404	26405
26406	26407
26408	26409
26410	26411
26412	26413
26414	26415
26416	26417
26418	26419
26420	26421
26422	26423
26424	26425
26426	26427
26428	26429
26430	26431
26432	26433
26434	26435
26436	26437
26438	26439
26440	26441
26442	26443
26444	26445
26446	26447
26448	26449
26450	26451
26452	26453
26597	26598
26599	26600
26601	26602
26603	26604
3651	26607
20138	26759
20306	26760
20308	26761
20307	26762
26842	26843
26849	26850
26869	26870
26888	26889
26890	26891
26892	26893
26914	26915
26913	26916
26912	26917
26925	26926
26927	26928
26929	26930
26931	26932
26960	26961
26962	26963
26964	26965
26966	26967
26983	26984
27014	27015
27019	27020
27021	27022
27023	27024
27026	27027
27038	27039
27064	27065
27066	27067
27068	27069
27299	27300
27301	27302
27303	27304
27305	27306
17368	27309
27656	27657
27658	27659
27660	27661
27662	27663
27664	27665
27666	27667
27539	27677
27678	27679
27607	27680
27610	27681
27530	27682
27589	27684
27592	27685
27532	27688
27591	27689
27594	27690
27609	27694
27540	27695
27612	27696
27598	27697
27595	27698
27533	27699
27600	27703
27597	27704
27535	27705
27536	27706
27601	27707
27604	27708
27603	27712
27538	27713
27606	27714
27780	27781
27782	27783
27784	27785
27786	27787
27788	27789
27790	27791
27767	27807
27766	27808
27768	27809
27769	27810
27771	27811
27770	27812
27776	27813
27777	27814
27775	27815
27774	27816
27773	27817
27772	27818
27551	27819
27548	27820
27625	27821
27628	27822
27631	27823
27634	27824
27553	27825
27550	27826
27627	27827
27630	27828
27633	27829
27636	27830
27557	27831
27554	27832
27647	27833
27653	27834
27644	27835
27650	27836
27652	27837
27646	27838
27559	27839
27556	27840
27649	27841
27655	27842
27545	27843
27616	27844
27622	27845
27619	27846
27613	27847
27542	27848
27544	27849
27547	27850
27618	27851
27615	27852
27621	27853
27624	27854
27574	27859
27583	27860
27580	27861
27577	27862
27579	27863
27576	27864
27582	27865
27585	27866
27567	27867
27563	27868
27565	27869
27569	27870
27570	27871
27573	27872
27778	27873
27779	27874
27857	27875
27858	27876
27855	27877
27856	27878
27904	27905
27912	27913
27914	27915
27916	27917
27918	27919
27920	27921
27922	27923
27924	27925
27930	27931
27932	27933
27934	27935
27937	27938
27939	27940
27941	27942
27560	27944
27641	27945
27638	27946
27640	27947
27643	27948
27562	27949
27951	27952
27957	27958
27959	27960
27961	27962
27963	27964
27965	27966
27967	27968
27969	27970
27971	27972
27973	27974
27975	27976
27977	27978
27979	27980
27981	27982
27983	27984
27985	27986
27987	27988
27989	27990
27991	27992
27993	27994
27995	27996
27997	27998
27999	28000
28001	28002
28003	28004
28005	28006
28007	28008
28009	28010
28011	28012
28013	28014
28015	28016
28017	28018
28019	28020
28021	28022
28023	28024
28025	28026
28027	28028
28029	28030
28031	28032
28033	28034
28035	28036
28037	28038
28039	28040
28041	28042
28043	28044
28045	28046
28047	28048
28049	28050
28051	28052
28053	28054
28055	28056
28057	28058
28059	28060
28061	28062
28063	28064
28197	28198
28199	28200
28201	28202
28203	28204
28205	28206
28207	28208
28209	28210
28211	28212
28213	28214
28215	28216
28262	28263
28264	28265
28266	28267
28268	28269
28270	28271
28272	28273
28274	28275
28276	28277
28278	28279
28280	28281
28282	28283
28284	28285
28286	28287
28288	28289
28290	28291
28292	28293
28294	28295
28296	28297
28298	28299
28300	28301
28302	28303
28304	28305
28306	28307
28308	28309
28324	28325
28326	28327
28328	28329
28330	28331
28332	28333
28334	28335
28336	28337
28338	28339
28352	28353
28367	28368
28375	28376
28377	28378
28379	28380
28381	28382
28383	28384
28385	28386
28387	28448
28388	28449
28389	28450
28390	28451
28391	28452
28392	28453
28393	28454
28394	28455
28395	28456
28396	28457
28397	28458
28398	28459
28399	28460
28401	28461
28400	28462
28402	28463
28403	28464
28404	28465
28405	28466
28406	28467
28407	28468
28408	28469
28410	28470
28409	28471
28411	28472
28412	28473
28413	28474
28414	28475
28416	28476
28415	28477
28417	28478
28421	28479
28422	28480
28423	28481
28424	28482
28425	28483
28426	28484
28427	28485
28428	28486
28429	28487
28418	28488
28419	28489
28420	28490
28430	28491
28431	28492
28432	28493
28433	28494
28434	28495
28435	28496
28436	28497
28437	28498
28438	28499
28439	28500
28440	28501
28441	28502
28442	28503
28443	28504
28444	28505
28511	28512
28514	28515
28516	28517
28518	28519
28520	28521
28522	28523
28524	28525
28526	28527
28528	28529
28530	28531
28532	28533
28534	28535
28536	28537
28538	28539
28540	28541
28542	28543
28545	28546
28547	28548
28550	28551
28552	28553
28554	28555
28557	28558
28559	28560
28561	28562
28563	28564
28565	28566
28576	28577
28578	28579
28583	28584
28351	28605
28606	28607
28612	28613
28646	28647
28650	28651
28652	28653
28654	28655
28659	28660
28661	28662
28665	28666
28670	28671
28672	28673
28674	28675
28676	28677
28678	28679
28680	28681
28682	28683
28684	28685
28710	28711
28729	28730
28731	28732
28733	28734
28735	28736
28737	28738
28740	28741
28742	28743
28744	28745
28746	28747
28748	28749
28750	28751
28752	28753
28754	28755
28756	28757
28758	28759
28770	28771
28772	28773
28774	28775
28776	28777
28778	28779
28780	28781
28782	28783
28784	28785
28786	28787
28788	28789
28844	28845
28846	28847
28848	28849
28850	28851
28888	28889
28890	28891
28892	28893
28894	28895
28999	29000
29001	29002
29003	29004
29005	29006
29007	29008
29009	29010
29011	29012
29013	29014
29015	29016
29039	29040
29041	29042
29043	29044
29045	29046
29047	29048
29049	29050
29051	29052
29053	29054
29055	29056
29057	29058
29059	29060
29061	29062
29063	29064
29065	29066
29067	29068
29069	29070
29071	29072
29073	29074
29075	29076
29077	29078
29079	29080
29081	29082
29083	29084
29085	29086
29087	29088
29089	29090
29091	29092
29093	29094
29095	29096
29097	29098
29099	29100
29101	29102
29103	29104
29105	29106
29107	29108
29109	29110
29202	29204
29226	29227
29248	29249
29266	29267
29328	29329
29330	29331
29332	29333
29334	29335
29337	29338
29336	29339
29340	29341
29344	29345
29984	29985
29986	29987
29988	29989
29990	29991
29992	29993
29994	29995
29996	29997
30002	30003
30008	30009
30013	30014
30028	30029
30036	30037
30038	30039
30040	30041
30042	30043
30046	30047
30048	30049
30050	30051
30052	30053
30056	30057
30058	30059
30060	30061
30062	30063
30066	30067
30068	30069
30070	30071
30072	30073
30076	30077
30078	30079
30080	30081
30082	30083
30086	30087
30088	30089
30090	30091
30092	30093
30096	30097
30098	30099
30100	30101
30102	30103
30106	30107
30108	30109
30110	30111
30112	30113
30139	30140
30141	30142
30143	30144
30145	30146
30149	30150
30151	30152
30153	30154
30155	30156
30159	30160
30161	30162
30163	30164
30165	30166
30169	30170
30171	30172
30173	30174
30175	30176
30187	30187
29964	30227
29965	30228
29966	30229
29967	30230
29969	30232
29970	30233
29971	30234
29972	30235
29979	30237
29980	30238
29981	30239
29982	30240
29974	30242
29975	30243
29976	30244
29977	30245
30328	30329
30342	30343
30386	30387
30117	30392
30118	30393
30119	30394
30120	30395
30122	30397
30123	30398
30124	30399
30125	30400
30127	30402
30128	30403
30129	30404
30130	30405
30132	30407
30133	30408
30134	30409
30135	30410
30420	30421
30422	30423
30424	30425
30464	30465
30466	30467
30470	30471
30474	30475
30476	30477
30478	30479
30558	30558
30562	30562
30582	30582
30586	30586
30588	30588
30599	30599
30600	30600
30605	30605
30614	30614
30615	30615
30618	30618
30628	30628
30632	30632
30633	30633
30752	30752
30753	30753
30754	30754
30832	30833
30834	30835
30836	30837
30839	30840
30842	30843
30987	30988
30993	30994
30997	30998
30999	31000
31001	31002
31003	31004
31005	31006
31007	31008
31009	31010
31011	31012
31013	31014
31015	31016
31017	31018
31019	31020
31021	31022
31023	31024
31025	31026
31027	31028
31029	31030
31031	31032
31033	31034
31035	31036
31037	31038
31039	31040
31041	31042
31043	31044
31045	31046
31047	31048
31049	31050
31051	31052
31053	31054
31055	31056
31057	31058
31059	31060
31061	31062
31063	31064
31065	31066
31067	31068
31069	31070
31071	31072
31073	31074
31075	31076
31077	31078
31079	31080
31081	31082
31083	31084
31085	31086
31087	31088
31089	31090
31091	31092
31093	31094
31105	31106
31107	31108
31109	31110
31111	31112
31113	31114
31115	31116
31117	31118
31119	31120
31121	31122
31123	31124
31125	31126
31127	31128
31129	31130
31131	31132
31133	31134
31135	31136
31137	31138
31139	31140
31141	31142
31143	31144
31145	31146
31147	31148
31149	31150
31151	31152
31153	31154
31155	31156
31157	31158
31159	31160
31161	31162
31163	31164
31165	31166
31167	31168
31169	31170
31171	31172
31173	31174
31175	31176
31177	31178
31179	31180
31181	31182
31183	31184
31185	31186
31187	31188
31189	31190
31191	31192
31193	31194
31195	31196
31197	31198
31199	31200
31201	31202
31203	31204
31205	31206
31207	31208
31209	31210
31211	31212
31213	31214
31215	31216
31217	31218
31220	31221
31222	31223
31224	31225
31226	31227
31228	31229
31230	31231
31232	31233
31234	31235
31236	31237
31238	31239
31240	31241
31242	31243
31244	31245
31246	31247
31248	31249
31250	31251
31252	31253
31254	31255
31256	31257
31258	31259
31260	31261
31262	31263
31264	31265
31266	31267
31268	31269
31270	31271
31272	31273
31274	31275
31276	31277
31278	31279
31280	31281
31282	31283
31284	31285
31286	31287
31288	31289
31290	31291
31292	31293
31294	31295
31296	31297
31298	31299
31300	31301
31302	31303
31304	31305
31306	31307
31308	31309
31310	31311
31312	31313
31314	31315
31316	31317
31318	31319
31320	31321
31322	31323
31324	31325
31326	31327
31328	31329
31330	31331
31332	31333
31334	31335
31336	31337
31338	31339
31340	31341
31342	31343
31344	31345
31346	31347
31348	31349
31350	31351
31352	31353
31354	31355
31356	31357
31358	31359
31360	31361
31362	31363
31364	31365
31366	31367
31368	31369
31370	31371
31372	31373
31374	31375
31376	31377
31378	31379
31380	31381
31382	31383
31384	31385
31386	31387
31388	31389
31390	31391
31392	31393
31394	31395
31396	31397
31398	31399
31400	31401
31402	31403
31404	31405
31406	31407
31408	31409
31410	31411
31412	31413
31414	31415
31416	31417
31418	31419
31420	31421
31422	31423
31424	31425
31426	31427
31428	31429
31430	31431
31432	31433
31434	31435
31436	31437
31438	31439
31440	31441
31442	31443
31444	31445
31446	31447
31448	31449
31450	31451
31452	31453
31454	31455
31456	31457
31458	31459
31460	31461
31462	31463
31464	31465
31466	31467
31468	31469
31470	31471
31472	31473
31474	31475
31476	31477
31478	31479
31480	31481
31482	31483
31484	31485
31486	31487
31488	31489
31490	31491
31492	31493
31494	31495
31496	31497
31498	31499
31500	31501
31502	31503
31504	31505
31506	31507
31508	31509
31510	31511
31512	31513
31514	31515
31516	31517
31518	31519
31520	31521
31522	31523
31524	31525
31526	31527
31528	31529
31530	31531
31532	31533
31534	31535
31536	31537
31538	31539
31540	31541
31542	31543
31544	31545
31546	31547
31548	31549
31550	31551
31552	31553
31554	31555
31556	31557
31558	31559
31560	31561
31562	31563
31564	31565
31566	31567
31568	31569
31570	31571
31572	31573
31574	31575
31576	31577
31578	31579
31580	31581
31582	31583
31584	31585
31586	31587
31588	31589
31590	31591
31592	31593
31594	31595
31596	31597
31598	31599
31600	31601
31602	31603
31604	31605
31606	31607
31608	31609
31610	31611
31612	31613
31614	31615
31616	31617
31618	31619
31620	31621
31622	31623
31624	31625
31626	31627
31628	31629
31630	31631
31632	31633
31634	31635
31636	31637
31638	31639
31640	31641
31642	31643
31644	31645
31646	31647
31648	31649
31650	31651
31652	31653
31654	31655
31656	31657
31658	31659
31660	31661
31662	31663
31664	31665
31666	31667
31668	31669
31670	31671
31672	31673
31674	31675
31676	31677
31678	31679
31680	31681
31682	31683
31684	31685
31686	31687
31688	31689
31690	31691
31692	31693
31694	31695
31696	31697
31698	31699
31700	31701
31702	31703
31704	31705
31706	31707
31708	31709
31710	31711
31712	31713
31714	31715
31716	31717
31718	31719
31720	31721
31722	31723
31724	31725
31726	31727
31728	31729
31730	31731
31732	31733
31734	31735
31736	31737
31738	31739
31740	31741
31742	31743
31744	31745
31746	31747
31748	31749
31750	31751
31752	31753
31754	31755
31756	31757
31758	31759
31760	31761
31762	31763
31764	31765
31766	31767
31768	31769
31770	31771
31772	31773
31774	31775
31776	31777
31778	31779
31780	31781
31782	31783
31784	31785
31786	31787
31788	31789
31790	31791
31792	31793
31794	31795
31796	31797
31798	31799
31800	31801
31802	31803
31804	31805
31810	31811
31812	31813
31814	31815
31816	31817
31818	31819
31820	31821
31822	31823
31824	31825
31826	31827
31864	31865
31866	31867
31868	31869
31870	31871
31872	31873
31874	31875
31876	31877
31878	31879
31880	31881
31882	31883
31884	31885
31886	31887
31888	31889
31890	31891
31892	31893
31894	31895
31896	31897
31898	31899
31900	31901
31902	31903
31904	31905
31906	31907
31908	31909
31910	31911
31916	31917
31918	31919
31922	31923
31924	31925
31926	31927
31928	31929
31930	31931
31932	31933
31942	31943
31944	31945
31946	31947
31948	31949
31950	31951
31952	31953
32025	32026
32027	32028
32029	32030
32031	32032
32033	32034
32035	32036
32037	32038
32039	32040
32041	32042
32043	32044
32045	32046
32047	32048
32049	32050
32051	32052
32053	32054
32055	32056
32057	32058
32059	32060
32061	32062
32063	32064
32065	32066
32067	32068
32069	32070
32071	32072
32073	32074
32075	32076
32077	32078
32079	32080
32081	32082
32083	32084
32085	32086
32087	32088
32089	32090
32091	32092
32093	32094
32095	32096
32207	32208
32209	32210
32305	32306
32307	32308
32309	32310
32311	32312
32325	32326
32340	32341
32342	32343
32344	32345
32414	32415
32436	32437
32438	32439
32440	32441
32442	32443
32444	32445
32772	32773
32774	32775
32780	32781
32782	32783
32788	32789
32790	32791
32799	32800
32801	32802
32803	32804
32809	32810
32811	32812
32817	32818
32819	32820
18626	32839
32840	32841
32842	32843
32844	32845
32846	32847
32848	32849
18635	32854
18637	32855
17366	32858
3297	32859
3293	32860
3296	32861
24445	32862
11489	32863
11488	32864
3465	32865
3466	32866
3467	32867
17363	32868
17364	32869
17365	32870
17367	32871
32872	32873
32874	32875
32876	32877
32878	32879
32880	32881
32787	32982
32983	32984
32985	32986
32987	32988
32989	32990
33003	33004
33005	33006
33007	33008
33009	33010
33011	33012
33017	33067
33076	33077
33079	33080
33081	33082
33083	33084
33087	33088
33101	33102
33103	33104
33111	33112
33149	33150
33151	33152
33153	33154
33155	33156
33157	33158
33176	33177
33178	33179
33180	33181
33190	33191
33195	33196
33197	33198
33199	33200
33201	33202
33270	33271
33272	33273
33277	33278
33279	33280
33281	33282
33283	33284
33285	33286
33287	33288
33289	33290
33291	33292
33293	33294
33295	33296
33297	33299
33298	33300
33301	33302
33303	33304
33305	33306
33307	33308
33309	33310
33311	33312
33313	33314
3756	33327
33395	33396
33397	33398
33400	33401
33446	33447
33448	33449
33450	33451
33459	33460
33468	33469
33470	33471
33472	33473
33513	33514
33477	33515
33474	33517
33476	33518
33475	33519
33520	33521
33522	33523
33516	33536
33525	33543
33528	33545
33527	33546
33526	33547
33529	33548
33553	33554
33555	33556
33557	33558
33559	33560
33561	33562
33563	33564
33565	33566
33581	33582
33583	33584
33585	33586
33587	33588
33589	33590
33591	33592
33595	33596
33608	33609
33610	33611
33623	33624
33625	33626
33627	33628
33629	33630
33631	33632
33633	33634
33635	33636
33637	33638
33639	33640
33641	33642
33643	33644
33645	33646
33647	33648
33649	33650
33651	33652
33653	33654
33655	33656
33657	33658
33659	33660
33661	33662
33663	33664
33665	33666
33667	33668
33669	33670
33671	33672
33673	33674
33675	33676
33677	33678
33681	33682
33683	33684
33685	33686
33687	33688
33689	33690
33691	33692
33693	33694
33695	33696
33697	33698
33700	33701
33702	33703
33704	33705
33706	33707
33708	33709
33710	33711
33712	33713
33816	33817
33818	33819
33820	33821
33822	33823
33824	33825
33867	33868
33869	33870
33871	33872
33873	33874
33875	33876
33877	33878
33879	33880
33881	33882
33883	33884
33890	33891
33892	33893
33894	33895
33896	33897
33898	33899
33900	33901
33902	33903
33904	33905
33915	33916
33981	33982
33983	33984
33985	33986
34122	34123
34124	34125
34126	34127
